1777906513232 0.6935335580753907 1
1777906733427 0.8240882623352743 2
1777906946042 0.8550413729696599 3
1777907435601 0.8792522218817039 4
1777907844678 0.8884462151394422 5
1777908391497 0.9025436714679742 6
1777908745593 0.9132699969353356 7
1777909319001 0.9163346613545816 8
1777909795744 0.9276739197057922 9
1777910064574 0.9368679129635304 10
1777910328328 0.9338032485442844 11
1777910540019 0.9393196444989274 12
1777910774454 0.9472877719889672 13
1777910985139 0.9479007048728164 14
1777911194924 0.9589334967821024 15
1777911402642 0.9574011645724794 16
1777911610770 0.9619981612013484 17
1777911949843 0.9623046276432731 18
1777912160282 0.9653692920625192 19
1777912427694 0.9638369598528961 20
1777912830393 0.9757891510879558 21
1777913332674 0.9809990806006742 22
1777913677158 0.9806926141587496 23
1777913934061 0.9849831443456941 24
1777914135778 0.9819184799264481 25
1777914337226 0.9865154765553172 26
1777914542130 0.9871284094391665 27
1777914946658 0.9855960772295433 28
1777915289795 0.9868219429972418 29
1777915667249 0.9840637450199203 30
