1777906513232 0.7714872846126994 1
1777906733427 0.49400474572707787 2
1777906946042 0.4125479363679082 3
1777907435601 0.349849193260745 4
1777907844678 0.32227711786421537 5
1777908391497 0.2742191412826641 6
1777908745593 0.25520607782970206 7
1777909319001 0.2479948057829329 8
1777909795744 0.20957463722729697 9
1777910064574 0.18300325846584378 10
1777910328328 0.17516369530956802 11
1777910540019 0.17035052907309794 12
1777910774454 0.14951340592952364 13
1777910985139 0.15070152805602663 14
1777911194924 0.12224922388540298 15
1777911402642 0.11689896882265359 16
1777911610770 0.11215172400695211 17
1777911949843 0.11357535565357028 18
1777912160282 0.1001162247477117 19
1777912427694 0.09187612722311289 20
1777912830393 0.073076032102108 21
1777913332674 0.057926170953780345 22
1777913677158 0.05582000375127376 23
1777913934061 0.05100077635674545 24
1777914135778 0.04851771877474062 25
1777914337226 0.04165069588011635 26
1777914542130 0.04366071399305857 27
1777914946658 0.0436798624403648 28
1777915289795 0.04584516866810202 29
1777915667249 0.04216155260652897 30
