1777897034747 0.6870977627949739 1
1777897254028 0.827459393196445 2
1777897472564 0.8559607722954337 3
1777897680578 0.8725099601593626 4
1777897938187 0.896414342629482 5
1777898201301 0.9083665338645418 6
1777898531782 0.9117376647257125 7
1777898794297 0.9249157217284707 8
1777899089836 0.9267545203800184 9
1777899285793 0.9408519767085504 10
1777899482573 0.942690775360098 11
1777899685854 0.9491265706405149 12
1777899883426 0.9543365001532332 13
1777900080419 0.9515783021759118 14
1777900282642 0.9570946981305547 15
1777900479422 0.952191235059761 16
1777900675922 0.9727244866687098 17
1777900873027 0.9705792215752375 18
1777901069848 0.9760956175298805 19
1777901266557 0.9767085504137297 20
1777901483783 0.9791602819491265 21
1777901957718 0.9813055470425989 22
1777902551784 0.980386147716825 23
1777903027237 0.9809990806006742 24
1777903261153 0.9849831443456941 25
1777903475646 0.980386147716825 26
1777903686551 0.9852896107876188 27
1777903907150 0.9819184799264481 28
1777904173103 0.9828378792522219 29
1777904559556 0.9846766779037696 30
