1777897034747 0.7568774932080385 1
1777897254028 0.4745490425501796 2
1777897472564 0.401752966945609 3
1777897680578 0.35646624588688713 4
1777897938187 0.3041860187050027 5
1777898201301 0.25792633590022734 6
1777898531782 0.24068880157440745 7
1777898794297 0.21140059948405934 8
1777899089836 0.19303415866624055 9
1777899285793 0.1718464593402756 10
1777899482573 0.17352163130169151 11
1777899685854 0.15078809341444877 12
1777899883426 0.13276070175984137 13
1777900080419 0.1314781923332245 14
1777900282642 0.120527737041284 15
1777900479422 0.133434629202211 16
1777900675922 0.08373478119162522 17
1777900873027 0.0812040271475532 18
1777901069848 0.07464319303713983 19
1777901266557 0.06558940566932354 20
1777901483783 0.060689083063918466 21
1777901957718 0.06118952420032393 22
1777902551784 0.05198282729566024 23
1777903027237 0.05327107647443581 24
1777903261153 0.052071522624487894 25
1777903475646 0.057742987453156626 26
1777903686551 0.050757730312912586 27
1777903907150 0.05223323475715621 28
1777904173103 0.049016854717500946 29
1777904559556 0.04459108261964071 30
